1692,4
1692,3
1692,2
1692,1
1692,0
1691,5
1691,4
1691,3
1691,2
1691,1
1691,0
1690,4
1690,3
1690,2
1690,1
1690,0
1689,3
1689,2
1689,1
1689,0
1688,4
1688,3
1688,2
1688,1
1688,0
1687,5
1687,4
1687,3
1687,2
1687,1
1687,0
1686,4
1686,3
1686,2
1686,1
1686,0
1685,4
1685,3
1685,2
1685,1
1685,0
1684,5
1684,4
1684,3
1684,2
1684,1
1684,0
1683,4
1683,3
1683,2
1683,1
1683,0
1682,4
1682,3
1682,2
1682,1
1682,0
1681,4
1681,3
1681,2
1681,1
1681,0
1680,5
1680,4
1680,3
1680,2
1680,1
1680,0
1679,4
1679,3
1679,2
1679,1
1679,0
1678,3
1678,2
1678,1
1678,0
1677,6
1677,5
1677,4
1677,3
1677,2
1677,1
1677,0
1676,5
1676,4
1676,3
1676,2
1676,1
1676,0
1675,4
1675,3
1675,2
1675,1
1675,0
1674,3
1674,2
1674,1
1674,0
1673,3
1673,2
1673,1
1673,0
1672,4
1672,3
1672,2
1672,1
1672,0
1671,3
1671,2
1671,1
1671,0
1670,3
1670,2
1670,1
1670,0
1669,5
1669,4
1669,3
1669,2
1669,1
1669,0
1668,4
1668,3
1668,2
1668,1
1668,0
1667,3
1667,2
1667,1
1667,0
1666,7
1666,6
1666,5
1666,4
1666,3
1666,2
1666,1
1666,0
1665,6
1665,5
1665,4
1665,3
1665,2
1665,1
1665,0
1664,5
1664,4
1664,3
1664,2
1664,1
1664,0
1663,4
1663,3
1663,2
1663,1
1663,0
1662,3
1662,2
1662,1
1662,0
1661,5
1661,4
1661,3
1661,2
1661,1
1661,0
1660,4
1660,3
1660,2
1660,1
1660,0
1659,3
1659,2
1659,1
1659,0
1658,3
1658,2
1658,1
1658,0
1657,3
1657,2
1657,1
1657,0
1656,3
1656,2
1656,1
1656,0
1655,5
1655,4
1655,3
1655,2
1655,1
1655,0
1654,4
1654,3
1654,2
1654,1
1654,0
1653,3
1653,2
1653,1
1653,0
1652,3
1652,2
1652,1
1652,0
1651,3
1651,2
1651,1
1651,0
1650,5
1650,4
1650,3
1650,2
1650,1
1650,0
1649,3
1649,2
1649,1
1649,0
1648,4
1648,3
1648,2
1648,1
1648,0
1647,4
1647,3
1647,2
1647,1
1647,0
1646,3
1646,2
1646,1
1646,0
1645,4
1645,3
1645,2
1645,1
1645,0
1644,5
1644,4
1644,3
1644,2
1644,1
1644,0
1643,4
1643,3
1643,2
1643,1
1643,0
1642,3
1642,2
1642,1
1642,0
1641,4
1641,3
1641,2
1641,1
1641,0
1640,5
1640,4
1640,3
1640,2
1640,1
1640,0
1639,4
1639,3
1639,2
1639,1
1639,0
1638,4
1638,3
1638,2
1638,1
1638,0
1637,5
1637,4
1637,3
1637,2
1637,1
1637,0
1636,4
1636,3
1636,2
1636,1
1636,0
1635,4
1635,3
1635,2
1635,1
1635,0
1634,4
1634,3
1634,2
1634,1
1634,0
1633,5
1633,4
1633,3
1633,2
1633,1
1633,0
1632,4
1632,3
1632,2
1632,1
1632,0
1631,3
1631,2
1631,1
1631,0
1630,6
1630,5
1630,4
1630,3
1630,2
1630,1
1630,0
1629,5
1629,4
1629,3
1629,2
1629,1
1629,0
1628,4
1628,3
1628,2
1628,1
1628,0
1627,3
1627,2
1627,1
1627,0
1626,3
1626,2
1626,1
1626,0
1625,4
1625,3
1625,2
1625,1
1625,0
1624,3
1624,2
1624,1
1624,0
1623,3
1623,2
1623,1
1623,0
1622,5
1622,4
1622,3
1622,2
1622,1
1622,0
1621,4
1621,3
1621,2
1621,1
1621,0
1620,3
1620,2
1620,1
1620,0
1619,7
1619,6
1619,5
1619,4
1619,3
1619,2
1619,1
1619,0
1618,6
1618,5
1618,4
1618,3
1618,2
1618,1
1618,0
1617,5
1617,4
1617,3
1617,2
1617,1
1617,0
1616,4
1616,3
1616,2
1616,1
1616,0
1615,3
1615,2
1615,1
1615,0
1614,5
1614,4
1614,3
1614,2
1614,1
1614,0
1613,4
1613,3
1613,2
1613,1
1613,0
1612,3
1612,2
1612,1
1612,0
1611,3
1611,2
1611,1
1611,0
1610,3
1610,2
1610,1
1610,0
1609,3
1609,2
1609,1
1609,0
1608,5
1608,4
1608,3
1608,2
1608,1
1608,0
1607,4
1607,3
1607,2
1607,1
1607,0
1606,3
1606,2
1606,1
1606,0
1605,3
1605,2
1605,1
1605,0
1604,3
1604,2
1604,1
1604,0
1603,5
1603,4
1603,3
1603,2
1603,1
1603,0
1602,3
1602,2
1602,1
1602,0
1601,4
1601,3
1601,2
1601,1
1601,0
1600,4
1600,3
1600,2
1600,1
1600,0
1599,3
1599,2
1599,1
1599,0
1598,4
1598,3
1598,2
1598,1
1598,0
1597,5
1597,4
1597,3
1597,2
1597,1
1597,0
1596,4
1596,3
1596,2
1596,1
1596,0
1595,3
1595,2
1595,1
1595,0
1594,4
1594,3
1594,2
1594,1
1594,0
1593,5
1593,4
1593,3
1593,2
1593,1
1593,0
1592,4
1592,3
1592,2
1592,1
1592,0
1591,4
1591,3
1591,2
1591,1
1591,0
1590,5
